+-----------------+---+-----+-----+---------+-----+---------+---------+-------------+-----+---------+---------+-------------+---------+-------------+-------------+-----------------+
|        *        | 0 | x^0 | x^1 | x^1+x^0 | x^2 | x^2+x^0 | x^2+x^1 | x^2+x^1+x^0 | x^3 | x^3+x^0 | x^3+x^1 | x^3+x^1+x^0 | x^3+x^2 | x^3+x^2+x^0 | x^3+x^2+x^1 | x^3+x^2+x^1+x^0 |
+-----------------+---+-----+-----+---------+-----+---------+---------+-------------+-----+---------+---------+-------------+---------+-------------+-------------+-----------------+
|        0        | 0 |  0  |  0  |    0    |  0  |    0    |    0    |      0      |  0  |    0    |    0    |      0      |    0    |      0      |      0      |        0        |
|       x^0       | 0 |  1  |  2  |    3    |  4  |    5    |    6    |      7      |  8  |    9    |    10   |      11     |    12   |      13     |      14     |        15       |
|       x^1       | 0 |  2  |  4  |    6    |  8  |    10   |    12   |      14     |  16 |    18   |    20   |      22     |    24   |      26     |      28     |        30       |
|     x^1+x^0     | 0 |  3  |  6  |    5    |  12 |    15   |    10   |      9      |  24 |    27   |    30   |      29     |    20   |      23     |      18     |        17       |
|       x^2       | 0 |  4  |  8  |    12   |  16 |    20   |    24   |      28     |  32 |    36   |    40   |      44     |    48   |      52     |      56     |        60       |
|     x^2+x^0     | 0 |  5  |  10 |    15   |  20 |    17   |    30   |      27     |  40 |    45   |    34   |      39     |    60   |      57     |      54     |        51       |
|     x^2+x^1     | 0 |  6  |  12 |    10   |  24 |    30   |    20   |      18     |  48 |    54   |    60   |      58     |    40   |      46     |      36     |        34       |
|   x^2+x^1+x^0   | 0 |  7  |  14 |    9    |  28 |    27   |    18   |      21     |  56 |    63   |    54   |      49     |    36   |      35     |      42     |        45       |
|       x^3       | 0 |  8  |  16 |    24   |  32 |    40   |    48   |      56     |  64 |    72   |    80   |      88     |    96   |     104     |     112     |       120       |
|     x^3+x^0     | 0 |  9  |  18 |    27   |  36 |    45   |    54   |      63     |  72 |    65   |    90   |      83     |   108   |     101     |     126     |       119       |
|     x^3+x^1     | 0 |  10 |  20 |    30   |  40 |    34   |    60   |      54     |  80 |    90   |    68   |      78     |   120   |     114     |     108     |       102       |
|   x^3+x^1+x^0   | 0 |  11 |  22 |    29   |  44 |    39   |    58   |      49     |  88 |    83   |    78   |      69     |   116   |     127     |      98     |       105       |
|     x^3+x^2     | 0 |  12 |  24 |    20   |  48 |    60   |    40   |      36     |  96 |   108   |   120   |     116     |    80   |      92     |      72     |        68       |
|   x^3+x^2+x^0   | 0 |  13 |  26 |    23   |  52 |    57   |    46   |      35     | 104 |   101   |   114   |     127     |    92   |      81     |      70     |        75       |
|   x^3+x^2+x^1   | 0 |  14 |  28 |    18   |  56 |    54   |    36   |      42     | 112 |   126   |   108   |      98     |    72   |      70     |      84     |        90       |
| x^3+x^2+x^1+x^0 | 0 |  15 |  30 |    17   |  60 |    51   |    34   |      45     | 120 |   119   |   102   |     105     |    68   |      75     |      90     |        85       |
+-----------------+---+-----+-----+---------+-----+---------+---------+-------------+-----+---------+---------+-------------+---------+-------------+-------------+-----------------+
+-----------------+----+-----+-----+---------+-----+---------+---------+-------------+-----+---------+---------+-------------+---------+-------------+-------------+-----------------+
|        +        | 0  | x^0 | x^1 | x^1+x^0 | x^2 | x^2+x^0 | x^2+x^1 | x^2+x^1+x^0 | x^3 | x^3+x^0 | x^3+x^1 | x^3+x^1+x^0 | x^3+x^2 | x^3+x^2+x^0 | x^3+x^2+x^1 | x^3+x^2+x^1+x^0 |
+-----------------+----+-----+-----+---------+-----+---------+---------+-------------+-----+---------+---------+-------------+---------+-------------+-------------+-----------------+
|        0        | 0  |  1  |  2  |    3    |  4  |    5    |    6    |      7      |  8  |    9    |    10   |      11     |    12   |      13     |      14     |        15       |
|       x^0       | 1  |  0  |  3  |    2    |  5  |    4    |    7    |      6      |  9  |    8    |    11   |      10     |    13   |      12     |      15     |        14       |
|       x^1       | 2  |  3  |  0  |    1    |  6  |    7    |    4    |      5      |  10 |    11   |    8    |      9      |    14   |      15     |      12     |        13       |
|     x^1+x^0     | 3  |  2  |  1  |    0    |  7  |    6    |    5    |      4      |  11 |    10   |    9    |      8      |    15   |      14     |      13     |        12       |
|       x^2       | 4  |  5  |  6  |    7    |  0  |    1    |    2    |      3      |  12 |    13   |    14   |      15     |    8    |      9      |      10     |        11       |
|     x^2+x^0     | 5  |  4  |  7  |    6    |  1  |    0    |    3    |      2      |  13 |    12   |    15   |      14     |    9    |      8      |      11     |        10       |
|     x^2+x^1     | 6  |  7  |  4  |    5    |  2  |    3    |    0    |      1      |  14 |    15   |    12   |      13     |    10   |      11     |      8      |        9        |
|   x^2+x^1+x^0   | 7  |  6  |  5  |    4    |  3  |    2    |    1    |      0      |  15 |    14   |    13   |      12     |    11   |      10     |      9      |        8        |
|       x^3       | 8  |  9  |  10 |    11   |  12 |    13   |    14   |      15     |  0  |    1    |    2    |      3      |    4    |      5      |      6      |        7        |
|     x^3+x^0     | 9  |  8  |  11 |    10   |  13 |    12   |    15   |      14     |  1  |    0    |    3    |      2      |    5    |      4      |      7      |        6        |
|     x^3+x^1     | 10 |  11 |  8  |    9    |  14 |    15   |    12   |      13     |  2  |    3    |    0    |      1      |    6    |      7      |      4      |        5        |
|   x^3+x^1+x^0   | 11 |  10 |  9  |    8    |  15 |    14   |    13   |      12     |  3  |    2    |    1    |      0      |    7    |      6      |      5      |        4        |
|     x^3+x^2     | 12 |  13 |  14 |    15   |  8  |    9    |    10   |      11     |  4  |    5    |    6    |      7      |    0    |      1      |      2      |        3        |
|   x^3+x^2+x^0   | 13 |  12 |  15 |    14   |  9  |    8    |    11   |      10     |  5  |    4    |    7    |      6      |    1    |      0      |      3      |        2        |
|   x^3+x^2+x^1   | 14 |  15 |  12 |    13   |  10 |    11   |    8    |      9      |  6  |    7    |    4    |      5      |    2    |      3      |      0      |        1        |
| x^3+x^2+x^1+x^0 | 15 |  14 |  13 |    12   |  11 |    10   |    9    |      8      |  7  |    6    |    5    |      4      |    3    |      2      |      1      |        0        |
+-----------------+----+-----+-----+---------+-----+---------+---------+-------------+-----+---------+---------+-------------+---------+-------------+-------------+-----------------+
